Jared Gooden	L
Kevin Holland	L
