Anthony Perosh	L
Brian Ebersole	L
Hector Lombard	L
Anthony Perosh	L
