Roger Carroll	L
