Andrew Natividad	W
